t_total_arr    x_arr    y_arr    z_arr    Theta_arr    Phi_arr    Psi_arr    FlaperonL_arr    HTL_arr    Rudder_arr    PLA_arr    Aoa_arr    Beta_arr    U_arr    V_arr    W_arr    P_arr    Q_arr    R_arr    V_inf_arr    Gamma_deg_arr    Track_deg_arr    P_dot_arr    Q_dot_arr    R_dot_arr    V_inf_dot_arr    Alpha_dot_arr    Beta_dot_arr    h_dot_arr    x_dot_arr    y_dot_arr    z_dot_arr    Phi_dot_arr    Theta_dot_arr    Psi_dot_arr    U_dot_arr    V_dot_arr    W_dot_arr    Nz_arr    Ny_arr    
0.1000    4.9423    -0.7576    -1001.8630    5.2269    62.9642    2.1697    0.4846    -10.9993    -0.2880    176.9609    10.1315    0.6494    49.2170    0.5667    8.7948    -0.0299    0.3359    0.1715    49.9998    -0.0000    -6.5456    -0.0009    -0.0000    0.0010    -0.0016    0.0000    -0.0000    -0.0000    49.6739    -5.6996    0.0000    -0.0001    -0.0001    0.3787    -0.0019    -0.0022    0.0019    2.1394    0.0000    
0.2000    9.9097    -1.3276    -1001.8630    5.2262    62.9640    4.3397    0.4846    -10.9993    -0.2880    176.9609    10.1316    0.6486    49.2169    0.5660    8.7948    -0.0298    0.3359    0.1716    49.9997    -0.0000    -4.3759    -0.0009    0.0000    0.0010    -0.0014    0.0000    -0.0001    -0.0000    49.8539    -3.8150    0.0000    -0.0000    -0.0002    0.3788    -0.0016    -0.0066    0.0017    2.1394    0.0000    
0.3000    14.8950    -1.7091    -1001.8630    5.2251    62.9638    6.5100    0.4846    -10.9993    -0.2880    176.9609    10.1316    0.6473    49.2167    0.5648    8.7948    -0.0297    0.3359    0.1717    49.9995    -0.0001    -2.2062    -0.0009    0.0000    0.0001    -0.0014    0.0000    -0.0002    -0.0000    49.9625    -1.9248    0.0000    0.0000    -0.0003    0.3788    -0.0016    -0.0109    0.0018    2.1394    0.0000    
0.4000    19.8913    -1.9016    -1001.8630    5.2235    62.9640    8.6805    0.4846    -10.9993    -0.2880    176.9609    10.1316    0.6456    49.2166    0.5634    8.7948    -0.0296    0.3359    0.1717    49.9994    -0.0001    -0.0366    -0.0009    0.0000    0.0001    -0.0014    0.0000    -0.0002    -0.0001    49.9994    -0.0319    0.0001    0.0001    -0.0003    0.3788    -0.0016    -0.0109    0.0018    2.1394    0.0000    
0.5000    24.8912    -1.9048    -1001.8630    5.2219    62.9644    10.8510    0.4846    -10.9993    -0.2880    176.9609    10.1317    0.6439    49.2165    0.5619    8.7949    -0.0296    0.3359    0.1717    49.9993    -0.0002    2.1331    -0.0009    0.0000    0.0001    -0.0014    0.0000    -0.0002    -0.0002    49.9646    1.8610    0.0002    0.0002    -0.0003    0.3788    -0.0016    -0.0106    0.0018    2.1394    0.0000    
0.6000    29.8877    -1.7187    -1001.8631    5.2201    62.9657    13.0215    0.4846    -10.9993    -0.2880    176.9609    10.1317    0.6424    49.2163    0.5605    8.7948    -0.0295    0.3359    0.1717    49.9991    -0.0003    4.3028    -0.0009    0.0000    0.0001    -0.0014    0.0000    -0.0002    -0.0003    49.8582    3.7513    0.0003    0.0002    -0.0003    0.3788    -0.0016    -0.0080    0.0016    2.1394    0.0001    
0.7000    34.8735    -1.3436    -1001.8631    5.2187    62.9668    15.1919    0.4846    -10.9993    -0.2880    176.9609    10.1317    0.6411    49.2162    0.5595    8.7948    -0.0294    0.3359    0.1716    49.9990    -0.0005    6.4725    -0.0009    0.0001    -0.0008    -0.0013    0.0000    -0.0001    -0.0005    49.6803    5.6362    0.0005    0.0003    -0.0002    0.3788    -0.0015    -0.0035    0.0013    2.1394    0.0001    
0.8000    39.8415    -0.7800    -1001.8630    5.2176    62.9682    17.3621    0.4846    -10.9993    -0.2880    176.9609    10.1317    0.6404    49.2161    0.5588    8.7948    -0.0295    0.3359    0.1716    49.9988    -0.0008    8.6422    0.0022    0.0000    -0.0008    -0.0013    0.0000    -0.0000    -0.0007    49.4311    7.5130    0.0007    0.0002    -0.0002    0.3787    -0.0015    -0.0002    0.0010    2.1393    0.0001    
0.9000    44.7846    -0.0287    -1001.8630    5.2168    62.9695    19.5321    0.4846    -10.9993    -0.2880    176.9609    10.1316    0.6402    49.2160    0.5586    8.7947    -0.0295    0.3359    0.1715    49.9987    -0.0011    10.8120    -0.0009    0.0001    -0.0008    -0.0012    0.0000    0.0001    -0.0009    49.1111    9.3791    0.0009    0.0002    -0.0001    0.3787    -0.0014    0.0044    0.0011    2.1393    0.0001    
1.0000    49.6957    0.9092    -1001.8629    5.2164    62.9707    21.7019    0.4846    -10.9993    -0.2880    176.9609    10.1316    0.6404    49.2159    0.5588    8.7947    -0.0296    0.3359    0.1714    49.9986    -0.0015    12.9818    0.0023    0.0000    0.0001    -0.0011    0.0000    0.0002    -0.0013    48.7207    11.2317    0.0013    0.0001    -0.0000    0.3787    -0.0014    0.0077    0.0015    2.1393    0.0001    
1.1000    54.5678    2.0324    -1001.8627    5.2162    62.9719    23.8715    0.4846    -10.9993    -0.2880    176.9609    10.1316    0.6409    49.2157    0.5592    8.7947    -0.0295    0.3359    0.1714    49.9985    -0.0020    15.1516    -0.0009    -0.0001    -0.0008    -0.0012    0.0000    0.0002    -0.0016    48.2604    13.0683    0.0016    0.0002    0.0000    0.3787    -0.0016    0.0101    0.0016    2.1393    0.0001    
1.2000    59.3939    3.3392    -1001.8626    5.2162    62.9729    26.0411    0.4846    -10.9993    -0.2880    176.9609    10.1316    0.6416    49.2156    0.5599    8.7946    -0.0296    0.3359    0.1714    49.9984    -0.0025    17.3214    -0.0009    0.0000    0.0001    -0.0011    0.0000    0.0002    -0.0021    47.7309    14.8861    0.0021    0.0001    -0.0000    0.3787    -0.0015    0.0090    0.0014    2.1393    0.0001    
1.3000    64.1669    4.8278    -1001.8623    5.2161    62.9735    28.2106    0.4846    -10.9993    -0.2880    176.9609    10.1316    0.6422    49.2155    0.5604    8.7946    -0.0295    0.3359    0.1714    49.9983    -0.0030    19.4912    -0.0009    -0.0001    0.0001    -0.0010    0.0000    0.0002    -0.0025    47.1330    16.6825    0.0025    0.0002    -0.0000    0.3787    -0.0014    0.0089    0.0015    2.1393    0.0000    
1.4000    68.8802    6.4961    -1001.8621    5.2160    62.9745    30.3803    0.4846    -10.9993    -0.2880    176.9609    10.1316    0.6428    49.2154    0.5609    8.7946    -0.0296    0.3359    0.1714    49.9982    -0.0037    21.6610    -0.0009    0.0000    0.0001    -0.0009    0.0000    0.0002    -0.0030    46.4675    18.4550    0.0030    0.0001    -0.0000    0.3787    -0.0013    0.0078    0.0013    2.1393    0.0000    
1.5000    73.5270    8.3416    -1001.8618    5.2157    62.9750    32.5499    0.4846    -10.9993    -0.2880    176.9609    10.1315    0.6432    49.2153    0.5613    8.7945    -0.0297    0.3359    0.1714    49.9981    -0.0043    23.8308    0.0023    0.0000    0.0001    -0.0008    0.0000    0.0001    -0.0035    45.7354    20.2011    0.0035    0.0000    -0.0001    0.3787    -0.0012    0.0066    0.0015    2.1392    0.0000    
1.6000    78.1005    10.3617    -1001.8614    5.2154    62.9755    34.7196    0.4846    -10.9993    -0.2880    176.9609    10.1315    0.6436    49.2153    0.5616    8.7945    -0.0296    0.3359    0.1714    49.9980    -0.0051    26.0006    -0.0009    0.0000    0.0001    -0.0007    0.0000    0.0001    -0.0040    44.9377    21.9182    0.0040    0.0001    -0.0001    0.3787    -0.0011    0.0067    0.0016    2.1392    0.0000    
1.7000    82.5943    12.5535    -1001.8610    5.2150    62.9759    36.8893    0.4846    -10.9993    -0.2880    176.9609    10.1315    0.6439    49.2152    0.5619    8.7945    -0.0297    0.3359    0.1714    49.9979    -0.0059    28.1705    0.0023    0.0000    0.0001    -0.0006    0.0000    0.0001    -0.0045    44.0755    23.6039    0.0045    0.0000    -0.0001    0.3787    -0.0010    0.0054    0.0018    2.1392    0.0000    
1.8000    87.0018    14.9139    -1001.8606    5.2145    62.9762    39.0591    0.4846    -10.9993    -0.2880    176.9609    10.1315    0.6442    49.2151    0.5621    8.7945    -0.0296    0.3359    0.1714    49.9979    -0.0067    30.3403    -0.0009    0.0000    0.0001    -0.0005    0.0000    0.0001    -0.0051    43.1502    25.2557    0.0051    0.0001    -0.0001    0.3787    -0.0008    0.0055    0.0015    2.1392    0.0000    
1.9000    91.3168    17.4395    -1001.8600    5.2140    62.9765    41.2288    0.4846    -10.9993    -0.2880    176.9609    10.1315    0.6444    49.2151    0.5623    8.7945    -0.0297    0.3359    0.1714    49.9978    -0.0077    32.5102    0.0023    0.0000    0.0001    -0.0003    0.0000    0.0001    -0.0056    42.1630    26.8713    0.0056    -0.0000    -0.0001    0.3787    -0.0007    0.0042    0.0017    2.1392    0.0000    
2.0000    95.5331    20.1266    -1001.8595    5.2134    62.9767    43.3986    0.4846    -10.9993    -0.2880    176.9609    10.1315    0.6445    49.2151    0.5624    8.7945    -0.0296    0.3359    0.1715    49.9978    -0.0087    34.6800    -0.0009    0.0000    0.0001    -0.0002    0.0000    0.0001    -0.0062    41.1153    28.4484    0.0062    0.0000    -0.0001    0.3787    -0.0006    0.0042    0.0017    2.1392    0.0000    
2.1000    99.6447    22.9715    -1001.8589    5.2127    62.9769    45.5685    0.4846    -10.9993    -0.2880    176.9609    10.1315    0.6445    49.2150    0.5624    8.7945    -0.0296    0.3359    0.1715    49.9978    -0.0098    36.8499    -0.0009    -0.0001    0.0001    -0.0001    0.0000    0.0001    -0.0068    40.0087    29.9847    0.0068    0.0001    -0.0001    0.3787    -0.0005    0.0042    0.0018    2.1392    0.0000    
2.2000    103.6455    25.9699    -1001.8582    5.2119    62.9774    47.7384    0.4846    -10.9993    -0.2880    176.9609    10.1315    0.6446    49.2150    0.5624    8.7945    -0.0297    0.3359    0.1715    49.9978    -0.0110    39.0197    -0.0009    0.0000    0.0001    0.0000    0.0000    0.0001    -0.0074    38.8447    31.4780    0.0074    0.0000    -0.0001    0.3787    -0.0003    0.0030    0.0016    2.1392    0.0000    
2.3000    107.5300    29.1177    -1001.8574    5.2111    62.9774    49.9083    0.4846    -10.9993    -0.2880    176.9609    10.1315    0.6444    49.2150    0.5624    8.7945    -0.0296    0.3359    0.1715    49.9978    -0.0123    41.1896    -0.0009    0.0000    0.0001    0.0002    0.0000    0.0001    -0.0081    37.6251    32.9262    0.0081    0.0001    -0.0002    0.3787    -0.0002    0.0030    0.0019    2.1392    0.0000    
2.4000    111.2925    32.4103    -1001.8566    5.2102    62.9777    52.0782    0.4846    -10.9993    -0.2880    176.9609    10.1315    0.6443    49.2150    0.5623    8.7945    -0.0297    0.3359    0.1715    49.9978    -0.0137    43.3595    0.0023    0.0000    0.0001    0.0003    0.0000    0.0000    -0.0087    36.3514    34.3271    0.0087    -0.0000    -0.0002    0.3787    -0.0001    0.0017    0.0020    2.1392    0.0000    
2.5000    114.9277    35.8431    -1001.8558    5.2093    62.9780    54.2482    0.4846    -10.9993    -0.2880    176.9609    10.1315    0.6442    49.2151    0.5621    8.7945    -0.0296    0.3359    0.1715    49.9978    -0.0153    45.5293    -0.0009    -0.0001    0.0001    0.0004    0.0000    0.0000    -0.0093    35.0257    35.6789    0.0093    0.0001    -0.0002    0.3787    0.0001    0.0017    0.0018    2.1392    0.0000    
2.6000    118.4302    39.4109    -1001.8548    5.2083    62.9782    56.4182    0.4846    -10.9993    -0.2880    176.9609    10.1315    0.6439    49.2151    0.5619    8.7945    -0.0295    0.3359    0.1715    49.9979    -0.0170    47.6992    -0.0009    0.0000    0.0001    0.0006    0.0000    0.0000    -0.0100    33.6497    36.9795    0.0100    0.0001    -0.0002    0.3787    0.0002    0.0018    0.0017    2.1392    0.0000    
2.7000    121.7952    43.1089    -1001.8538    5.2072    62.9788    58.5883    0.4846    -10.9993    -0.2880    176.9609    10.1315    0.6437    49.2152    0.5617    8.7945    -0.0296    0.3359    0.1715    49.9979    -0.0190    49.8691    0.0023    0.0000    0.0001    0.0007    0.0000    0.0000    -0.0107    32.2255    38.2271    0.0107    0.0000    -0.0002    0.3787    0.0004    0.0006    0.0018    2.1392    0.0000    
2.8000    125.0178    46.9316    -1001.8528    5.2060    62.9792    60.7583    0.4846    -10.9993    -0.2880    176.9609    10.1315    0.6434    49.2153    0.5614    8.7945    -0.0296    0.3359    0.1716    49.9980    -0.0212    52.0390    -0.0009    0.0000    0.0001    0.0008    0.0000    0.0000    -0.0114    30.7550    39.4199    0.0114    0.0001    -0.0002    0.3788    0.0005    0.0007    0.0019    2.1392    0.0000    
2.9000    128.0933    50.8736    -1001.8516    5.2048    62.9796    62.9284    0.4846    -10.9993    -0.2880    176.9609    10.1314    0.6430    49.2153    0.5611    8.7945    -0.0295    0.3359    0.1716    49.9981    -0.0237    54.2089    -0.0009    -0.0001    0.0001    0.0010    0.0000    0.0000    -0.0121    29.2404    40.5562    0.0121    0.0001    -0.0002    0.3788    0.0006    0.0007    0.0019    2.1392    0.0000    